50
0 35 71 98 39 97 17 82 52 88 96 6 2 70 4 13 93 9 25 57 54 65 13 2 36 45 90 63 11 16 54 6 54 37 21 3 95 37 57 7 87 49 49 54 31 80 84 85 30 83
35 0 27 69 26 55 17 13 24 55 82 9 63 8 90 95 11 82 68 97 56 33 9 8 93 79 6 20 83 78 47 98 87 81 14 14 91 94 58 75 55 30 28 86 28 38 15 45 79 7
71 27 0 10 32 40 92 12 32 43 60 58 6 80 35 40 92 99 82 71 54 71 35 27 3 80 87 47 1 48 6 46 11 25 87 9 72 24 76 72 96 31 25 98 19 34 86 3 77 7
98 69 10 0 67 55 53 64 33 4 37 43 15 34 2 7 89 52 10 65 10 41 49 47 44 45 31 12 99 15 89 95 28 50 94 6 30 30 18 47 77 76 57 40 78 11 11 27 34 100
39 26 32 67 0 55 80 77 49 88 6 66 20 65 51 45 80 30 41 44 77 78 41 36 33 62 48 27 72 80 40 24 88 4 23 73 5 83 10 11 31 67 8 10 98 11 65 80 11 78
97 55 40 55 55 0 25 60 73 81 5 50 64 95 77 72 16 47 100 1 77 8 51 100 5 57 26 79 57 67 29 75 3 1 99 81 56 85 5 24 19 13 87 43 96 45 59 70 55 3
17 17 92 53 80 25 0 39 3 63 17 87 73 83 25 16 39 62 35 35 60 95 92 8 42 26 48 48 26 77 90 20 72 78 6 86 72 2 85 43 36 86 57 14 32 75 56 5 100 82
82 13 12 64 77 60 39 0 64 90 35 34 45 95 86 9 90 48 96 6 92 63 81 50 10 19 46 25 55 71 28 71 44 92 50 35 95 52 39 93 97 29 27 65 71 63 54 60 9 69
52 24 32 33 49 73 3 64 0 15 6 55 76 79 83 49 40 81 76 83 16 97 2 33 60 53 60 100 49 20 92 66 37 27 39 28 54 59 21 48 42 68 50 17 4 53 77 76 48 82
88 55 43 4 88 81 63 90 15 0 92 44 16 96 49 28 21 43 15 83 56 2 63 83 57 19 53 59 42 40 6 17 96 58 15 95 81 23 67 33 11 60 95 47 89 55 51 17 16 90
96 82 60 37 6 5 17 35 6 92 0 12 16 71 42 10 59 71 10 79 53 96 38 54 76 33 93 100 35 56 97 30 87 59 57 15 43 33 13 94 29 67 94 84 23 54 16 52 5 15
6 9 58 43 66 50 87 34 55 44 12 0 73 17 39 92 37 39 30 47 31 56 35 8 94 36 97 86 5 20 82 8 95 75 14 5 60 61 65 93 54 34 23 35 25 33 51 33 61 75
2 63 6 15 20 64 73 45 76 16 16 73 0 25 62 52 67 29 39 59 20 89 41 31 70 60 23 88 63 60 78 88 76 83 40 7 79 71 63 16 96 21 37 98 18 78 13 84 34 92
70 8 80 34 65 95 83 95 79 96 71 17 25 0 65 67 63 67 13 22 9 61 90 35 1 77 79 87 32 83 26 49 39 20 40 29 25 34 16 58 71 96 8 88 81 63 33 15 16 5
4 90 35 2 51 77 25 86 83 49 42 39 62 65 0 98 69 65 43 78 49 2 94 37 14 44 72 42 83 39 29 31 72 40 21 69 29 12 99 22 96 71 40 78 55 95 95 78 19 23
13 95 40 7 45 72 16 9 49 28 10 92 52 67 98 0 24 92 80 15 48 71 52 30 10 24 96 32 99 63 42 92 61 40 80 99 82 25 26 22 30 59 100 42 23 14 76 68 85 4
93 11 92 89 80 16 39 90 40 21 59 37 67 63 69 24 0 84 45 84 14 59 79 93 46 98 14 10 59 47 68 78 63 71 63 58 69 84 34 82 32 17 25 67 49 74 29 5 7 10
9 82 99 52 30 47 62 48 81 43 71 39 29 67 65 92 84 0 32 17 62 65 70 56 54 41 91 97 45 48 74 68 25 91 97 81 70 88 71 38 60 11 95 26 60 75 18 93 79 68
25 68 82 10 41 100 35 96 76 15 10 30 39 13 43 80 45 32 0 92 16 99 2 99 25 97 53 26 87 98 39 88 3 91 17 84 44 10 34 18 84 88 6 27 98 53 24 86 91 33
57 97 71 65 44 1 35 6 83 83 79 47 59 22 78 15 84 17 92 0 13 1 4 71 42 19 52 83 93 58 8 1 48 59 62 82 14 42 59 5 54 26 99 78 69 71 96 73 75 80
54 56 54 10 77 77 60 92 16 56 53 31 20 9 49 48 14 62 16 13 0 32 67 48 29 12 80 36 83 48 48 3 50 93 76 93 11 41 12 7 100 84 20 40 74 60 25 88 80 95
65 33 71 41 78 8 95 63 97 2 96 56 89 61 2 71 59 65 99 1 32 0 29 62 59 13 81 57 64 8 35 19 100 84 28 62 35 45 85 3 71 42 12 2 53 16 2 49 29 31
13 9 35 49 41 51 92 81 2 63 38 35 41 90 94 52 79 70 2 4 67 29 0 72 46 89 32 97 52 3 28 88 97 8 13 61 96 73 94 8 47 72 24 82 44 41 17 9 44 5
2 8 27 47 36 100 8 50 33 83 54 8 31 35 37 30 93 56 99 71 48 62 72 0 78 77 16 27 51 50 100 50 97 28 39 21 41 73 47 56 51 51 96 4 76 97 29 23 85 67
36 93 3 44 33 5 42 10 60 57 76 94 70 1 14 10 46 54 25 42 29 59 46 78 0 24 10 71 28 41 42 53 81 53 95 78 65 93 79 61 69 81 37 28 32 34 84 56 3 43
45 79 80 45 62 57 26 19 53 19 33 36 60 77 44 24 98 41 97 19 12 13 89 77 24 0 78 62 12 73 63 97 59 53 55 76 88 88 38 92 5 14 96 27 68 38 23 58 89 71
90 6 87 31 48 26 48 46 60 53 93 97 23 79 72 96 14 91 53 52 80 81 32 16 10 78 0 99 7 62 26 52 48 59 22 72 35 66 57 63 6 1 16 40 87 21 46 39 21 53
63 20 47 12 27 79 48 25 100 59 100 86 88 87 42 32 10 97 26 83 36 57 97 27 71 62 99 0 62 56 49 26 62 71 59 54 7 19 73 73 60 31 67 27 4 59 92 21 16 85
11 83 1 99 72 57 26 55 49 42 35 5 63 32 83 99 59 45 87 93 83 64 52 51 28 12 7 62 0 65 44 95 57 94 58 50 49 9 64 29 50 8 55 68 47 49 98 87 20 92
16 78 48 15 80 67 77 71 20 40 56 20 60 83 39 63 47 48 98 58 48 8 3 50 41 73 62 56 65 0 67 83 25 11 25 76 29 82 94 60 70 95 74 70 1 28 93 23 46 22
54 47 6 89 40 29 90 28 92 6 97 82 78 26 29 42 68 74 39 8 48 35 28 100 42 63 26 49 44 67 0 94 72 72 18 23 81 37 25 26 73 60 63 4 81 65 38 34 70 92
6 98 46 95 24 75 20 71 66 17 30 8 88 49 31 92 78 68 88 1 3 19 88 50 53 97 52 26 95 83 94 0 38 23 96 9 67 99 20 40 55 42 16 47 37 54 6 92 95 46
54 87 11 28 88 3 72 44 37 96 87 95 76 39 72 61 63 25 3 48 50 100 97 97 81 59 48 62 57 25 72 38 0 14 57 22 5 96 42 100 32 26 64 47 23 5 61 21 68 56
37 81 25 50 4 1 78 92 27 58 59 75 83 20 40 40 71 91 91 59 93 84 8 28 53 53 59 71 94 11 72 23 14 0 37 60 5 61 69 1 12 34 9 26 40 97 18 43 32 83
21 14 87 94 23 99 6 50 39 15 57 14 40 40 21 80 63 97 17 62 76 28 13 39 95 55 22 59 58 25 18 96 57 37 0 99 26 59 23 3 42 35 41 74 18 57 26 96 26 61
3 14 9 6 73 81 86 35 28 95 15 5 7 29 69 99 58 81 84 82 93 62 61 21 78 76 72 54 50 76 23 9 22 60 99 0 17 31 88 42 71 68 48 84 84 21 35 98 38 52
95 91 72 30 5 56 72 95 54 81 43 60 79 25 29 82 69 70 44 14 11 35 96 41 65 88 35 7 49 29 81 67 5 5 26 17 0 74 45 60 73 44 40 84 6 62 15 68 75 72
37 94 24 30 83 85 2 52 59 23 33 61 71 34 12 25 84 88 10 42 41 45 73 73 93 88 66 19 9 82 37 99 96 61 59 31 74 0 68 65 4 24 37 86 91 88 35 19 81 31
57 58 76 18 10 5 85 39 21 67 13 65 63 16 99 26 34 71 34 59 12 85 94 47 79 38 57 73 64 94 25 20 42 69 23 88 45 68 0 38 51 79 100 43 5 96 25 45 100 43
7 75 72 47 11 24 43 93 48 33 94 93 16 58 22 22 82 38 18 5 7 3 8 56 61 92 63 73 29 60 26 40 100 1 3 42 60 65 38 0 69 79 79 69 64 98 47 88 29 79
87 55 96 77 31 19 36 97 42 11 29 54 96 71 96 30 32 60 84 54 100 71 47 51 69 5 6 60 50 70 73 55 32 12 42 71 73 4 51 69 0 17 56 76 5 6 82 70 77 12
49 30 31 76 67 13 86 29 68 60 67 34 21 96 71 59 17 11 88 26 84 42 72 51 81 14 1 31 8 95 60 42 26 34 35 68 44 24 79 79 17 0 78 39 53 11 47 18 41 20
49 28 25 57 8 87 57 27 50 95 94 23 37 8 40 100 25 95 6 99 20 12 24 96 37 96 16 67 55 74 63 16 64 9 41 48 40 37 100 79 56 78 0 31 20 81 32 48 14 98
54 86 98 40 10 43 14 65 17 47 84 35 98 88 78 42 67 26 27 78 40 2 82 4 28 27 40 27 68 70 4 47 47 26 74 84 84 86 43 69 76 39 31 0 67 32 29 67 64 94
31 28 19 78 98 96 32 71 4 89 23 25 18 81 55 23 49 60 98 69 74 53 44 76 32 68 87 4 47 1 81 37 23 40 18 84 6 91 5 64 5 53 20 67 0 62 30 59 69 59
80 38 34 11 11 45 75 63 53 55 54 33 78 63 95 14 74 75 53 71 60 16 41 97 34 38 21 59 49 28 65 54 5 97 57 21 62 88 96 98 6 11 81 32 62 0 25 60 41 9
84 15 86 11 65 59 56 54 77 51 16 51 13 33 95 76 29 18 24 96 25 2 17 29 84 23 46 92 98 93 38 6 61 18 26 35 15 35 25 47 82 47 32 29 30 25 0 29 41 87
85 45 3 27 80 70 5 60 76 17 52 33 84 15 78 68 5 93 86 73 88 49 9 23 56 58 39 21 87 23 34 92 21 43 96 98 68 19 45 88 70 18 48 67 59 60 29 0 40 78
30 79 77 34 11 55 100 9 48 16 5 61 34 16 19 85 7 79 91 75 80 29 44 85 3 89 21 16 20 46 70 95 68 32 26 38 75 81 100 29 77 41 14 64 69 41 41 40 0 36
83 7 7 100 78 3 82 69 82 90 15 75 92 5 23 4 10 68 33 80 95 31 5 67 43 71 53 85 92 22 92 46 56 83 61 52 72 31 43 79 12 20 98 94 59 9 87 78 36 0
RRBRRBRBRRBBBRBRRBBBBBBBBRRRBBRBRRBRRRBRRRRBBRRBBB