50
0 25 33 27 21 59 40 97 100 33 63 48 15 63 14 56 96 65 13 14 40 8 25 55 69 99 79 56 12 53 99 32 83 69 88 34 32 30 92 48 5 65 25 1 76 73 87 44 40 13
25 0 95 68 5 22 63 35 79 64 11 63 81 20 91 89 75 10 23 39 3 90 83 89 4 98 42 26 100 93 18 1 55 15 97 100 11 8 2 57 15 54 80 7 10 17 89 95 43 14
33 95 0 19 81 48 25 27 64 13 79 24 36 5 87 53 89 97 34 59 10 73 39 64 4 86 66 74 54 72 61 4 76 92 19 94 100 57 48 98 93 44 77 67 73 33 18 86 62 45
27 68 19 0 41 68 45 19 98 72 60 36 62 84 2 31 63 1 31 23 11 42 80 6 6 55 17 30 11 95 46 40 30 1 42 87 15 98 32 36 18 18 49 57 66 63 64 27 89 5
21 5 81 41 0 55 8 95 25 84 95 47 18 83 50 23 3 75 14 39 9 37 59 83 6 36 99 85 42 52 54 39 98 33 39 49 31 17 93 17 70 63 96 17 23 74 9 92 84 37
59 22 48 68 55 0 70 48 41 77 47 59 70 55 1 71 6 80 26 76 95 43 31 71 2 12 40 41 92 72 70 37 84 15 61 35 79 11 70 60 93 75 85 16 21 70 60 32 64 37
40 63 25 45 8 70 0 66 6 11 67 4 75 14 13 12 53 41 47 3 22 73 98 80 37 70 30 59 10 65 74 88 27 95 27 7 72 44 31 26 28 49 90 64 77 26 41 96 47 82
97 35 27 19 95 48 66 0 34 8 17 12 18 4 99 68 6 53 42 45 13 29 6 49 85 44 56 39 99 86 51 23 56 16 62 34 78 68 44 71 63 24 78 98 47 13 51 26 33 50
100 79 64 98 25 41 6 34 0 5 89 66 50 44 69 78 5 21 28 88 48 93 8 40 98 26 9 3 22 43 56 48 62 80 71 53 28 98 86 89 7 94 43 35 25 40 16 15 41 46
33 64 13 72 84 77 11 8 5 0 64 57 25 40 38 34 41 84 73 73 65 80 43 88 75 53 78 80 27 93 88 85 23 77 33 61 21 95 6 73 68 68 13 32 29 50 63 88 65 77
63 11 79 60 95 47 67 17 89 64 0 4 74 1 19 83 76 36 1 11 72 41 29 5 15 51 55 77 95 42 64 96 2 24 15 33 1 74 36 13 17 80 35 80 31 98 30 88 44 7
48 63 24 36 47 59 4 12 66 57 4 0 74 78 7 55 42 34 16 32 61 64 25 18 85 20 34 3 83 100 79 62 77 97 50 9 1 59 33 68 30 75 35 79 47 95 94 85 36 24
15 81 36 62 18 70 75 18 50 25 74 74 0 34 96 35 89 71 100 28 47 51 52 12 91 1 15 78 19 81 83 87 25 40 26 10 44 93 84 86 63 83 55 27 88 22 74 43 91 85
63 20 5 84 83 55 14 4 44 40 1 78 34 0 70 29 23 49 70 29 17 88 79 8 81 75 8 80 37 65 24 94 29 100 29 10 9 27 32 30 38 30 69 24 89 27 14 74 25 50
14 91 87 2 50 1 13 99 69 38 19 7 96 70 0 62 37 71 58 62 12 95 21 18 58 86 84 41 89 97 19 83 95 58 68 82 61 90 34 46 13 72 41 86 6 32 63 5 92 67
56 89 53 31 23 71 12 68 78 34 83 55 35 29 62 0 75 21 16 4 24 85 6 23 57 70 98 10 51 13 61 96 47 46 99 35 91 19 91 64 48 9 90 60 17 4 85 84 42 77
96 75 89 63 3 6 53 6 5 41 76 42 89 23 37 75 0 89 51 22 84 31 99 50 67 35 58 76 74 58 1 17 50 67 94 30 81 83 59 84 74 29 24 24 16 55 72 34 55 28
65 10 97 1 75 80 41 53 21 84 36 34 71 49 71 21 89 0 47 68 61 5 58 35 65 89 86 91 67 26 63 89 48 7 5 57 3 61 58 91 82 18 15 40 57 90 51 43 51 51
13 23 34 31 14 26 47 42 28 73 1 16 100 70 58 16 51 47 0 21 23 21 36 99 15 78 35 71 62 3 59 11 71 14 90 91 60 98 93 95 94 3 32 46 78 80 22 52 13 76
14 39 59 23 39 76 3 45 88 73 11 32 28 29 62 4 22 68 21 0 55 63 22 46 51 60 75 45 35 8 55 29 10 89 45 61 77 31 67 93 57 75 44 66 47 87 41 20 58 59
40 3 10 11 9 95 22 13 48 65 72 61 47 17 12 24 84 61 23 55 0 27 37 55 73 90 96 4 52 71 66 99 81 7 56 99 69 8 58 3 82 91 8 65 38 15 54 77 22 23
8 90 73 42 37 43 73 29 93 80 41 64 51 88 95 85 31 5 21 63 27 0 57 38 67 32 44 44 43 35 6 76 31 42 11 99 59 100 68 69 56 76 90 26 24 72 56 16 82 12
25 83 39 80 59 31 98 6 8 43 29 25 52 79 21 6 99 58 36 22 37 57 0 82 63 24 96 53 72 51 25 77 69 17 85 55 20 2 44 41 24 42 55 4 32 33 8 55 87 54
55 89 64 6 83 71 80 49 40 88 5 18 12 8 18 23 50 35 99 46 55 38 82 0 85 77 38 74 84 30 32 4 19 63 2 2 74 36 50 6 23 66 84 17 3 45 64 15 45 26
69 4 4 6 6 2 37 85 98 75 15 85 91 81 58 57 67 65 15 51 73 67 63 85 0 4 17 43 12 41 31 75 36 40 67 94 37 90 10 31 85 59 13 30 2 12 91 92 39 61
99 98 86 55 36 12 70 44 26 53 51 20 1 75 86 70 35 89 78 60 90 32 24 77 4 0 12 49 66 70 61 65 72 4 65 60 61 85 46 95 14 17 56 34 5 99 75 19 28 78
79 42 66 17 99 40 30 56 9 78 55 34 15 8 84 98 58 86 35 75 96 44 96 38 17 12 0 20 66 53 17 38 98 98 14 53 39 41 87 90 43 43 28 40 75 62 37 30 50 56
56 26 74 30 85 41 59 39 3 80 77 3 78 80 41 10 76 91 71 45 4 44 53 74 43 49 20 0 47 78 58 71 74 59 3 40 13 71 10 33 30 23 43 30 65 5 5 47 20 78
12 100 54 11 42 92 10 99 22 27 95 83 19 37 89 51 74 67 62 35 52 43 72 84 12 66 66 47 0 22 16 93 43 11 71 68 30 78 27 94 74 80 88 88 69 7 7 94 50 84
53 93 72 95 52 72 65 86 43 93 42 100 81 65 97 13 58 26 3 8 71 35 51 30 41 70 53 78 22 0 83 25 77 76 23 61 8 10 45 71 53 47 42 67 94 75 80 17 62 83
99 18 61 46 54 70 74 51 56 88 64 79 83 24 19 61 1 63 59 55 66 6 25 32 31 61 17 58 16 83 0 52 99 55 8 94 37 65 57 54 85 48 65 25 86 81 54 17 44 85
32 1 4 40 39 37 88 23 48 85 96 62 87 94 83 96 17 89 11 29 99 76 77 4 75 65 38 71 93 25 52 0 14 71 24 45 96 34 20 32 36 56 33 19 8 94 86 96 92 12
83 55 76 30 98 84 27 56 62 23 2 77 25 29 95 47 50 48 71 10 81 31 69 19 36 72 98 74 43 77 99 14 0 15 78 88 26 39 34 23 16 69 13 88 80 27 44 24 40 82
69 15 92 1 33 15 95 16 80 77 24 97 40 100 58 46 67 7 14 89 7 42 17 63 40 4 98 59 11 76 55 71 15 0 62 84 21 55 58 49 6 47 42 80 75 5 9 90 96 67
88 97 19 42 39 61 27 62 71 33 15 50 26 29 68 99 94 5 90 45 56 11 85 2 67 65 14 3 71 23 8 24 78 62 0 21 8 93 96 33 83 28 47 53 16 30 66 46 25 98
34 100 94 87 49 35 7 34 53 61 33 9 10 10 82 35 30 57 91 61 99 99 55 2 94 60 53 40 68 61 94 45 88 84 21 0 89 91 63 70 82 91 40 56 31 67 41 18 86 70
32 11 100 15 31 79 72 78 28 21 1 1 44 9 61 91 81 3 60 77 69 59 20 74 37 61 39 13 30 8 37 96 26 21 8 89 0 87 58 9 25 95 59 72 65 3 19 82 42 39
30 8 57 98 17 11 44 68 98 95 74 59 93 27 90 19 83 61 98 31 8 100 2 36 90 85 41 71 78 10 65 34 39 55 93 91 87 0 45 7 56 75 63 60 32 35 44 56 88 34
92 2 48 32 93 70 31 44 86 6 36 33 84 32 34 91 59 58 93 67 58 68 44 50 10 46 87 10 27 45 57 20 34 58 96 63 58 45 0 80 12 96 49 91 72 52 99 39 41 36
48 57 98 36 17 60 26 71 89 73 13 68 86 30 46 64 84 91 95 93 3 69 41 6 31 95 90 33 94 71 54 32 23 49 33 70 9 7 80 0 32 1 27 70 34 66 56 37 39 31
5 15 93 18 70 93 28 63 7 68 17 30 63 38 13 48 74 82 94 57 82 56 24 23 85 14 43 30 74 53 85 36 16 6 83 82 25 56 12 32 0 76 20 17 71 75 92 48 13 19
65 54 44 18 63 75 49 24 94 68 80 75 83 30 72 9 29 18 3 75 91 76 42 66 59 17 43 23 80 47 48 56 69 47 28 91 95 75 96 1 76 0 36 1 40 14 79 59 40 91
25 80 77 49 96 85 90 78 43 13 35 35 55 69 41 90 24 15 32 44 8 90 55 84 13 56 28 43 88 42 65 33 13 42 47 40 59 63 49 27 20 36 0 49 62 4 43 64 25 56
1 7 67 57 17 16 64 98 35 32 80 79 27 24 86 60 24 40 46 66 65 26 4 17 30 34 40 30 88 67 25 19 88 80 53 56 72 60 91 70 17 1 49 0 61 75 13 85 54 93
76 10 73 66 23 21 77 47 25 29 31 47 88 89 6 17 16 57 78 47 38 24 32 3 2 5 75 65 69 94 86 8 80 75 16 31 65 32 72 34 71 40 62 61 0 58 100 73 66 29
73 17 33 63 74 70 26 13 40 50 98 95 22 27 32 4 55 90 80 87 15 72 33 45 12 99 62 5 7 75 81 94 27 5 30 67 3 35 52 66 75 14 4 75 58 0 96 90 41 80
87 89 18 64 9 60 41 51 16 63 30 94 74 14 63 85 72 51 22 41 54 56 8 64 91 75 37 5 7 80 54 86 44 9 66 41 19 44 99 56 92 79 43 13 100 96 0 73 10 31
44 95 86 27 92 32 96 26 15 88 88 85 43 74 5 84 34 43 52 20 77 16 55 15 92 19 30 47 94 17 17 96 24 90 46 18 82 56 39 37 48 59 64 85 73 90 73 0 88 95
40 43 62 89 84 64 47 33 41 65 44 36 91 25 92 42 55 51 13 58 22 82 87 45 39 28 50 20 50 62 44 92 40 96 25 86 42 88 41 39 13 40 25 54 66 41 10 88 0 51
13 14 45 5 37 37 82 50 46 77 7 24 85 50 67 77 28 51 76 59 23 12 54 26 61 78 56 78 84 83 85 12 82 67 98 70 39 34 36 31 19 91 56 93 29 80 31 95 51 0
BRBRRBBBBRBBBBBRRRRBRRRRRRRBRRRRRBBRBBBRBRBBBBRBRB