50
0 54 4 76 14 21 13 36 62 10 4 12 14 5 17 55 11 12 43 11 28 45 12 6 21 14 2 11 15 15 41 63 3 11 28 15 4 28 21 56 23 12 16 10 5 4 2 54 7 29
54 0 16 11 15 18 27 8 4 78 46 37 14 14 8 10 27 29 2 14 16 7 93 40 8 19 23 19 12 11 37 5 11 18 2 21 29 6 81 8 62 92 26 16 11 84 12 3 48 7
4 16 0 18 5 12 19 18 14 8 7 15 15 7 20 72 12 53 16 2 30 11 10 25 28 70 0 24 37 12 8 32 5 9 15 16 6 10 3 23 13 21 11 53 5 1 12 13 10 54
76 11 18 0 52 15 34 7 23 56 14 11 3 84 69 13 7 29 9 59 20 32 17 62 10 15 18 17 10 20 74 16 49 16 53 13 84 12 76 25 8 27 18 12 13 19 18 37 20 47
14 15 5 52 0 64 20 57 15 13 6 15 17 2 25 18 14 15 16 6 10 10 30 9 14 17 6 53 80 8 61 21 10 14 38 18 15 35 8 25 17 31 39 11 8 6 14 13 33 17
21 18 12 15 64 0 24 16 14 1 22 4 17 16 27 37 10 7 17 29 31 15 2 5 10 11 26 2 33 47 8 100 34 2 18 15 8 39 11 42 7 2 7 30 10 38 15 14 18 23
13 27 19 34 20 24 0 58 11 20 29 65 76 47 4 60 13 18 9 15 5 5 23 15 14 56 59 61 49 5 21 4 12 100 13 15 15 8 17 9 19 55 24 9 14 40 10 9 7 4
36 8 18 7 57 16 58 0 8 46 13 12 18 52 74 4 22 9 6 16 35 11 18 17 6 5 18 69 6 64 60 13 13 17 10 7 17 31 18 6 24 18 19 10 12 24 44 17 39 14
62 4 14 23 15 14 11 8 0 17 8 14 8 14 42 12 6 33 12 12 23 6 16 25 4 5 14 80 7 13 15 41 32 15 6 9 13 5 14 17 40 22 20 5 9 54 23 2 13 40
10 78 8 56 13 1 20 46 17 0 9 15 32 15 23 29 14 26 17 24 19 14 9 11 9 41 25 14 9 57 3 21 8 2 59 13 9 12 12 16 6 17 5 64 5 7 12 14 36 92
4 46 7 14 6 22 29 13 8 9 0 43 31 15 14 12 7 10 49 4 9 5 13 5 36 10 29 23 12 28 11 13 1 57 9 21 14 9 7 17 12 58 14 6 4 19 5 7 7 31
12 37 15 11 15 4 65 12 14 15 43 0 18 17 100 8 7 8 38 30 14 14 8 6 7 14 38 6 7 94 17 20 10 5 16 18 9 12 8 15 3 28 15 13 20 10 14 29 18 90
14 14 15 3 17 17 76 18 8 32 31 18 0 18 27 2 17 8 26 25 47 11 14 9 4 1 15 48 3 81 57 16 11 13 48 2 51 9 61 19 5 20 66 10 18 64 16 13 17 15
5 14 7 84 2 16 47 52 14 15 15 17 18 0 70 34 14 16 15 9 8 8 17 11 15 77 7 16 22 14 68 15 7 16 13 29 8 14 37 27 87 32 18 10 12 8 14 12 4 42
17 8 20 69 25 27 4 74 42 23 14 100 27 70 0 18 27 20 10 50 9 9 26 58 66 18 79 49 94 35 49 3 48 25 11 16 59 46 21 10 22 73 28 9 36 48 14 28 11 2
55 10 72 13 18 37 60 4 12 29 12 8 2 34 18 0 4 5 42 13 12 12 14 10 3 1 15 14 10 18 20 15 12 13 12 6 58 10 14 8 5 21 41 11 47 16 48 20 41 83
11 27 12 7 14 10 13 22 6 14 7 7 17 14 27 4 0 5 6 9 8 13 13 14 1 4 28 12 7 16 48 13 38 14 8 11 34 21 11 16 6 40 30 7 6 35 11 16 60 38
12 29 53 29 15 7 18 9 33 26 10 8 8 16 20 5 5 0 11 49 28 12 9 14 17 16 23 21 3 66 16 49 42 34 13 7 10 31 36 28 2 10 15 13 19 12 52 20 17 18
43 2 16 9 16 17 9 6 12 17 49 38 26 15 10 42 6 11 0 62 6 6 31 41 33 18 38 18 10 27 18 7 11 40 4 6 15 6 41 1 60 19 97 5 43 28 13 3 57 8
11 14 2 59 6 29 15 16 12 24 4 30 25 9 50 13 9 49 62 0 15 9 35 3 10 56 8 8 12 12 36 32 4 37 63 14 2 8 2 51 16 9 49 10 3 12 5 11 10 84
28 16 30 20 10 31 5 35 23 19 9 14 47 8 9 12 8 28 6 15 0 0 28 43 9 15 11 16 13 6 45 7 6 16 12 29 10 5 12 7 14 17 19 1 8 12 14 14 26 31
45 7 11 32 10 15 5 11 6 14 5 14 11 8 9 12 13 12 6 9 0 0 17 9 44 11 34 16 40 6 16 7 6 16 15 10 10 9 40 7 15 67 19 2 8 12 31 4 6 40
12 93 10 17 30 2 23 18 16 9 13 8 14 17 26 14 13 9 31 35 28 17 0 7 54 51 10 1 12 67 2 100 55 1 90 16 9 15 23 20 38 0 5 17 20 9 14 16 19 25
6 40 25 62 9 5 15 17 25 11 5 6 9 11 58 10 14 14 41 3 43 9 7 0 17 33 19 7 9 47 6 28 20 6 44 23 16 37 4 27 17 7 9 19 1 7 8 9 14 85
21 8 28 10 14 10 14 6 4 9 36 7 4 15 66 3 1 17 33 10 9 44 54 17 0 7 13 12 4 35 23 34 8 11 9 8 11 7 11 20 5 12 38 8 17 13 42 5 14 14
14 19 70 15 17 11 56 5 5 41 10 14 1 77 18 1 4 16 18 56 15 11 51 33 7 0 69 13 3 31 13 15 10 12 47 5 43 32 13 8 5 45 46 10 8 70 14 26 22 16
2 23 0 18 6 26 59 18 14 25 29 38 15 7 79 15 28 23 38 8 11 34 10 19 13 69 0 35 65 46 8 52 5 9 54 16 1 10 3 17 13 10 11 12 5 5 5 13 10 19
11 19 24 17 53 2 61 69 80 14 23 6 48 16 49 14 12 21 18 8 16 16 1 7 12 13 35 0 12 20 1 62 10 1 20 16 34 73 6 19 22 3 2 17 35 8 60 16 52 24
15 12 37 10 80 33 49 6 7 9 12 7 3 22 94 10 7 3 10 12 13 40 12 9 4 3 65 12 0 55 21 17 57 18 28 13 18 48 13 10 12 23 13 12 19 54 15 22 18 18
15 11 12 20 8 47 5 64 13 57 28 94 81 14 35 18 16 66 27 12 6 6 67 47 35 31 46 20 55 0 63 9 9 20 11 77 12 39 28 18 94 21 27 23 55 14 32 27 6 10
41 37 8 74 61 8 21 60 15 3 11 17 57 68 49 20 48 16 18 36 45 16 2 6 23 13 8 1 21 63 0 23 10 3 19 36 7 14 14 19 29 3 3 41 7 20 13 72 51 26
63 5 32 16 21 100 4 13 41 21 13 20 16 15 3 15 13 49 7 32 7 7 100 28 34 15 52 62 17 9 23 0 14 23 4 30 18 9 20 7 19 24 26 7 15 35 66 8 11 1
3 11 5 49 10 34 12 13 32 8 1 10 11 7 48 12 38 42 11 4 6 6 55 20 8 10 5 10 57 9 10 14 0 26 10 35 4 20 5 28 56 42 13 33 3 6 20 33 37 14
11 18 9 16 14 2 100 17 15 2 57 5 13 16 25 13 14 34 40 37 16 16 1 6 11 12 9 1 18 20 3 23 26 0 41 15 38 59 6 90 27 1 11 76 33 11 13 15 48 33
28 2 15 53 38 18 13 10 6 59 9 16 48 13 11 12 8 13 4 63 12 15 90 44 9 47 54 20 28 11 19 4 10 41 0 10 18 9 16 16 58 20 22 3 45 16 51 4 9 5
15 21 16 13 18 15 15 7 9 13 21 18 2 29 16 6 11 7 6 14 29 10 16 23 8 5 16 16 13 77 36 30 35 15 10 0 49 9 15 6 37 65 17 26 10 17 15 15 17 67
4 29 6 84 15 8 15 17 13 9 14 9 51 8 59 58 34 10 15 2 10 10 9 16 11 43 1 34 18 12 7 18 4 38 18 49 0 9 5 57 32 9 32 11 4 7 5 18 30 18
28 6 10 12 35 39 8 31 5 12 9 12 9 14 46 10 21 31 6 8 5 9 15 37 7 32 10 73 48 39 14 9 20 59 9 9 9 0 45 20 12 18 16 2 6 11 8 3 32 46
21 81 3 76 8 11 17 18 14 12 7 8 61 37 21 14 11 36 41 2 12 40 23 4 11 13 3 6 13 28 14 20 5 6 16 15 5 45 0 17 11 7 34 46 5 4 8 65 32 20
56 8 23 25 25 42 9 6 17 16 17 15 19 27 10 8 16 28 1 51 7 7 20 27 20 8 17 19 10 18 19 7 28 90 16 6 57 20 17 0 45 59 21 5 46 87 13 6 37 8
23 62 13 8 17 7 19 24 40 6 12 3 5 87 22 5 6 2 60 16 14 15 38 17 5 5 13 22 12 94 29 19 56 27 58 37 32 12 11 45 0 9 42 13 25 15 15 23 42 91
12 92 21 27 31 2 55 18 22 17 58 28 20 32 73 21 40 10 19 9 17 67 0 7 12 45 10 3 23 21 3 24 42 1 20 65 9 18 7 59 9 0 6 26 10 15 53 53 64 100
16 26 11 18 39 7 24 19 20 5 14 15 66 18 28 41 30 15 97 49 19 19 5 9 38 46 11 2 13 27 3 26 13 11 22 17 32 16 34 21 42 6 0 28 44 10 16 86 21 26
10 16 53 12 11 30 9 10 5 64 6 13 10 10 9 11 7 13 5 10 1 2 17 19 8 10 12 17 12 23 41 7 33 76 3 26 11 2 46 5 13 26 28 0 8 57 8 4 7 7
5 11 5 13 8 10 14 12 9 5 4 20 18 12 36 47 6 19 43 3 8 8 20 1 17 8 5 35 19 55 7 15 3 33 45 10 4 6 5 46 25 10 44 8 0 16 7 8 11 71
4 84 1 19 6 38 40 24 54 7 19 10 64 8 48 16 35 12 28 12 12 12 9 7 13 70 5 8 54 14 20 35 6 11 16 17 7 11 4 87 15 15 10 57 16 0 23 36 12 58
2 12 12 18 14 15 10 44 23 12 5 14 16 14 14 48 11 52 13 5 14 31 14 8 42 14 5 60 15 32 13 66 20 13 51 15 5 8 8 13 15 53 16 8 7 23 0 45 19 14
54 3 13 37 13 14 9 17 2 14 7 29 13 12 28 20 16 20 3 11 14 4 16 9 5 26 13 16 22 27 72 8 33 15 4 15 18 3 65 6 23 53 86 4 8 36 45 0 38 21
7 48 10 20 33 18 7 39 13 36 7 18 17 4 11 41 60 17 57 10 26 6 19 14 14 22 10 52 18 6 51 11 37 48 9 17 30 32 32 37 42 64 21 7 11 12 19 38 0 11
29 7 54 47 17 23 4 14 40 92 31 90 15 42 2 83 38 18 8 84 31 40 25 85 14 16 19 24 18 10 26 1 14 33 5 67 18 46 20 8 91 100 26 7 71 58 14 21 11 0
RRRRRRRBBRRBRBRRRRRRBRRBBBBBBBRBBRBRRBBBBBBRBBBBRR