583
341
637
189
166
466
1144
176
39
200
25
2749
173
231
254
3027
644
329
89
617
274
252
185
581
506
1691
201
223
218
52
270
337
60
482
239
323
1277
456
969
271
1612
286
1119
122
1878
259
617
581
277
344
202
77
225
33
146
288
52
8
391
88
197
556
584
4
631
1274
269
250
238
0
12
144
184
47
274
201
267
1280
246
940
971
20
1597
92
270
1
497
242
10
51
226
299
0
103
1085
240
222
194
33
251
19
83
292
156
98
1053
233
270
511
918
31
112
335
513
195
318
135
212
263
258
994
9
211
2003
231
997
820
323
4702
243
1472
237
243
157
15
129
15
300
556
225
1370
3450
765
775
1400
328
265
1555
250
862
222
288
1149
224
95
69
284
1435
174
180
1209
637
280
3009
137
196
985
2206
220
1477
1035
312
222
245
277
20
302
236
980
972
206
1037
97
227
307
1040
1040
243
181
201
244
76
208
247
550
256
229
29
230
228
1784
209
252
23
1358
1317
90
288
246
216
237
75
124
78
172
3747
1114
671
47
425
286
298
739
264
2075
5
974
1182
7
802
23
611
237
218
287
247
47
286
185
0
107
143
651
83
362
285
409
0
47
353
1236
304
618
59
1470
5
171
678
47
478
277
79
214
901
249
1002
995
248
61
649
213
457
23
220
222
306
1146
423
708
12
237
100
0
49
268
47
290
1953
634
18
137
238
2
667
646
1734
1004
47
564
82
168
265
354
186
1240
306
0
1104
0
51
248
212
316
382
2559
1020
76
4090
265
216
217
567
220
367
649
228
707
227
247
188
518
225
254
522
0
231
112
5
417
329
228
1766
200
185
199
210
223
301
268
971
222
233
1250
1043
248
19
97
210
1700
124
150
37
115
21
1308
246
0
233
1309
687
185
368
181
248
1101
81
1353
247
176
193
83
198
73
1
1
317
100
245
448
1389
241
249
316
194
10
1745
211
275
64
69
558
1075
3021
235
16
170
68
244
511
348
385
224
1242
49
47
239
49
168
232
248
487
655
238
809
228
138
291
162
187
267
1359
55
269
430
6
211
97
262
1119
159
255
1863
2816
289
3489
49
6
2364
634
1049
47
411
209
264
547
770
247
188
194
327
0
1225
224
1688
89
198
1275
2102
25
248
47
98
1375
179
310
181
2618
205
447
263
1732
6
638
514
729
233
185
68
2529
249
998
225
26
446
198
